78 3103 11
78 3008 82
78 3008 42
78 3103 03
78 3017 ff
78 3018 ff
78 3034 1a
78 3035 21
78 3036 5d
78 3037 13
78 3c00 04
78 3c01 b4
78 3108 01
78 3630 36
78 3631 0e
78 3632 e2
78 3633 12
78 3621 e0
78 3704 a0
78 3703 5a
78 3715 78
78 3717 01
78 370b 60
78 3705 1a
78 3905 02
78 3906 10
78 3901 0a
78 3731 12
78 3600 08
78 3601 33
78 302d 60
78 3620 52
78 371b 20
78 471c 50
78 3a13 43
78 3a18 00
78 3a19 f8

78 3635 13
78 3636 03
78 3634 40
78 3622 01
78 3c01 34
78 3c04 28
78 3c05 98
78 3c06 00
78 3c07 08
78 3c08 00
78 3c09 1c
78 3c0a 9c
78 3c0b 40
78 3820 41
78 3821 07
78 3814 31
78 3815 31
78 3800 00
78 3801 00
78 3802 00
78 3803 04
78 3804 0a
78 3805 3f
78 3806 07
78 3807 9b
78 3808 03
78 3809 20
78 380a 02
78 380b 58
78 380c 07
78 380d 68
78 380e 03
78 380f d8
78 3810 00
78 3811 10
78 3812 00
78 3813 06

78 3618 00
78 3612 29
78 3708 64
78 3709 52
78 370c 03
78 3a02 03
78 3a03 d8
78 3a08 01
78 3a09 27
78 3a0a 00
78 3a0b f6
78 3a0e 03
78 3a0d 04
78 3a14 03
78 3a15 d8
78 4001 02
78 4004 02
78 3000 00
78 3002 1c
78 3004 ff
78 3006 c3
78 300e 58
78 302e 00
78 4300 30
78 501f 00
78 4713 03
78 4407 04
78 440e 00
78 460b 35
78 460c 20
78 4837 22
78 3824 02


78 5000 a7
78 5001 a3
78 5180 ff
78 5181 f2
78 5182 0 
78 5183 14
78 5184 25
78 5185 24
78 5186 14
78 5187 11
78 5188 16
78 5189 7c
78 518a 5d
78 518b e3
78 518c af
78 518d 42
78 518e 3b
78 518f 59
78 5190 4a
78 5191 f8
78 5192 4 
78 5193 70
78 5194 f0
78 5195 f0
78 5196 3 
78 5197 1 
78 5198 6 
78 5199 65
78 519a 4 
78 519b 0 
78 519c 5 
78 519d 15
78 519e 38


78 5381 1c
78 5382 5a
78 5383 6 
78 5384 1a
78 5385 66
78 5386 80
78 5387 82
78 5388 80
78 5389 2 
78 538b 98
78 538a 1 
78 538b 98
78 5300 08
78 5301 30
78 5302 10
78 5303 00
78 5304 08
78 5305 30
78 5306 08
78 5307 16
78 5309 08
78 530a 30
78 530b 04
78 530c 06


78 5490 20
78 5481 d 
78 5482 1c
78 5483 2f
78 5484 54
78 5485 65
78 5486 6d
78 5487 79
78 5488 83
78 5489 8d
78 548a 95
78 548b a5
78 548c b3
78 548d c9
78 548e da
78 548f e8
78 5580 02
78 5583 40
78 5584 10
78 5589 10
78 558a 00
78 558b f8
78 5800 39
78 5801 1f
78 5802 18
78 5803 19
78 5804 1f
78 5805 3f
78 5806 12
78 5807 c 
78 5808 8 
78 5809 9 
78 580a e 
78 580b 16
78 580c b 
78 580d 4 
78 580e 0 
78 580f 1 
78 5810 6 
78 5811 f 
78 5812 a 
78 5813 3 
78 5814 0 
78 5815 0 
78 5816 5 
78 5817 e 
78 5818 e 
78 5819 8 
78 581a 5 
78 581b 6 
78 581c b 
78 581d 14
78 581e 35
78 581f 1a
78 5820 14
78 5821 15
78 5822 1b
78 5823 3f
78 5824 25
78 5825 27
78 5826 7 
78 5827 27
78 5828 61
78 5829 27
78 582a 21
78 582b 21
78 582c 23
78 582d 5 
78 582e 23
78 582f 41
78 5830 41
78 5831 21
78 5832 23
78 5833 27
78 5834 21
78 5835 21
78 5836 21
78 5837 25
78 5838 43
78 5839 25
78 583a 25
78 583b 25
78 583c 61
78 583d cf

78 5025 00
78 3a0f 38
78 3a10 30
78 3a11 61
78 3a1b 38
78 3a1e 30
78 3a1f 10
78 3008 02
